101,ibarra,2025-05-31,724.13,36.71,7.76,12.95
101,ibarra,2025-06-01,677.02,14.71,28.89,7.38
101,ibarra,2025-06-02,717.26,25.07,18.89,10.05
101,ibarra,2025-06-03,467.81,30.61,31.45,7.07
101,ibarra,2025-06-04,385.42,26.92,18.87,8.81
101,ibarra,2025-06-05,426.5,17.94,34.87,10.9
101,ibarra,2025-06-06,766.26,11.21,19.97,24.74
101,ibarra,2025-06-07,604.25,56.7,7.26,7.07
101,ibarra,2025-06-08,689.21,42.91,8.48,23.83
101,ibarra,2025-06-09,1097.39,38.53,21.34,20.21
101,ibarra,2025-06-10,875.97,47.99,19.45,16.37
101,ibarra,2025-06-11,973.18,19.75,22.38,12.91
101,ibarra,2025-06-12,509.2,45.96,13.72,23.42
101,ibarra,2025-06-13,775.08,31.0,32.62,5.49
101,ibarra,2025-06-14,671.75,42.1,12.18,15.0
101,ibarra,2025-06-15,603.91,24.56,21.83,16.73
101,ibarra,2025-06-16,519.63,12.55,31.22,14.7
101,ibarra,2025-06-17,1166.72,37.45,16.49,6.71
101,ibarra,2025-06-18,836.92,51.05,9.98,5.95
101,ibarra,2025-06-19,1011.92,32.55,12.52,23.77
101,ibarra,2025-06-20,560.99,21.91,7.68,13.62
101,ibarra,2025-06-21,1001.35,45.12,26.01,15.87
101,ibarra,2025-06-22,661.61,32.51,34.28,5.14
101,ibarra,2025-06-23,696.78,20.58,26.82,7.19
101,ibarra,2025-06-24,1172.63,34.61,31.31,24.89
101,ibarra,2025-06-25,979.96,32.98,8.54,13.78
101,ibarra,2025-06-26,543.03,26.17,14.62,23.7
101,ibarra,2025-06-27,738.68,32.24,23.62,12.23
101,ibarra,2025-06-28,729.2,50.56,23.69,21.48
101,ibarra,2025-06-29,622.76,26.02,21.64,13.61
101,ibarra,2025-06-30,1030.5,59.0,33.8,8.19
101,ibarra,2025-07-01,493.71,14.72,26.32,8.9
101,ibarra,2025-07-02,874.17,40.02,8.28,15.42
101,ibarra,2025-07-03,1049.13,11.05,15.46,21.46
101,ibarra,2025-07-04,570.87,19.08,8.75,13.38
202,manta,2025-05-31,1178.28,31.22,25.69,10.34
202,manta,2025-06-01,920.24,42.01,13.34,24.0
202,manta,2025-06-02,515.48,40.67,32.92,10.51
202,manta,2025-06-03,941.45,59.06,9.02,23.49
202,manta,2025-06-04,725.23,41.11,17.94,7.93
202,manta,2025-06-05,947.19,29.7,31.17,7.1
202,manta,2025-06-06,936.84,30.07,18.08,9.36
202,manta,2025-06-07,1081.81,10.58,26.92,14.86
202,manta,2025-06-08,1033.76,39.0,9.12,6.75
202,manta,2025-06-09,634.3,56.63,19.31,13.4
202,manta,2025-06-10,660.97,44.16,16.69,13.37
202,manta,2025-06-11,760.93,40.09,27.42,13.81
202,manta,2025-06-12,1110.48,47.24,18.4,8.51
202,manta,2025-06-13,966.62,17.99,15.43,6.87
202,manta,2025-06-14,941.78,35.41,26.05,23.61
202,manta,2025-06-15,644.39,51.15,5.29,5.62
202,manta,2025-06-16,1049.56,51.44,9.64,24.35
202,manta,2025-06-17,1084.55,46.61,25.3,17.89
202,manta,2025-06-18,414.22,17.75,6.78,7.25
202,manta,2025-06-19,531.01,44.82,6.75,17.46
202,manta,2025-06-20,789.94,44.79,28.0,18.64
202,manta,2025-06-21,798.88,11.07,9.18,15.91
202,manta,2025-06-22,1037.77,19.03,24.68,6.53
202,manta,2025-06-23,915.08,45.23,24.04,13.66
202,manta,2025-06-24,1090.86,49.74,13.36,21.65
202,manta,2025-06-25,1163.84,56.72,5.51,15.66
202,manta,2025-06-26,1198.9,58.24,33.4,22.95
202,manta,2025-06-27,654.14,57.17,23.92,5.17
202,manta,2025-06-28,781.58,37.2,13.92,20.77
202,manta,2025-06-29,1118.4,48.31,12.93,6.14
202,manta,2025-06-30,1020.19,23.31,11.14,15.56
202,manta,2025-07-01,553.26,27.09,16.74,19.13
202,manta,2025-07-02,867.63,54.85,25.15,13.17
202,manta,2025-07-03,690.28,43.64,14.74,16.45
202,manta,2025-07-04,519.21,54.82,33.92,22.16
303,portoviejo,2025-05-31,960.88,27.35,12.68,24.63
303,portoviejo,2025-06-01,1173.39,25.26,9.19,6.03
303,portoviejo,2025-06-02,411.21,41.14,12.21,23.33
303,portoviejo,2025-06-03,769.09,24.73,31.15,7.4
303,portoviejo,2025-06-04,589.12,31.8,30.54,15.01
303,portoviejo,2025-06-05,393.96,42.7,5.56,14.66
303,portoviejo,2025-06-06,1182.39,28.81,17.57,20.5
303,portoviejo,2025-06-07,616.97,37.31,13.01,22.07
303,portoviejo,2025-06-08,311.46,52.94,10.36,9.56
303,portoviejo,2025-06-09,999.2,11.77,33.41,16.15
303,portoviejo,2025-06-10,466.87,32.72,23.47,8.32
303,portoviejo,2025-06-11,885.67,47.63,27.42,20.68
303,portoviejo,2025-06-12,783.94,21.97,30.59,16.88
303,portoviejo,2025-06-13,664.83,23.9,25.69,21.31
303,portoviejo,2025-06-14,344.77,18.43,5.18,20.54
303,portoviejo,2025-06-15,521.18,57.28,25.76,12.6
303,portoviejo,2025-06-16,672.77,25.87,7.89,7.81
303,portoviejo,2025-06-17,1098.51,11.26,21.67,8.76
303,portoviejo,2025-06-18,603.05,20.46,18.24,18.24
303,portoviejo,2025-06-19,520.61,41.1,8.19,20.75
303,portoviejo,2025-06-20,580.27,18.53,24.44,6.0
303,portoviejo,2025-06-21,504.57,27.67,25.44,15.48
303,portoviejo,2025-06-22,927.21,29.66,22.52,11.18
303,portoviejo,2025-06-23,1011.3,23.95,16.41,5.29
303,portoviejo,2025-06-24,964.09,42.23,10.9,19.4
303,portoviejo,2025-06-25,1063.83,34.66,16.07,14.66
303,portoviejo,2025-06-26,521.31,52.27,31.94,22.06
303,portoviejo,2025-06-27,715.57,27.68,12.29,21.42
303,portoviejo,2025-06-28,848.91,11.12,25.22,18.11
303,portoviejo,2025-06-29,946.94,54.99,28.15,12.52
303,portoviejo,2025-06-30,588.64,28.47,33.57,23.64
303,portoviejo,2025-07-01,713.51,59.39,32.86,13.56
303,portoviejo,2025-07-02,392.91,14.35,5.06,22.45
303,portoviejo,2025-07-03,774.74,21.66,21.37,22.5
303,portoviejo,2025-07-04,677.1,40.4,28.98,18.81
404,salinas,2025-05-31,922.04,44.6,7.5,18.36
404,salinas,2025-06-01,737.44,46.02,19.93,20.47
404,salinas,2025-06-02,902.33,57.66,7.44,10.14
404,salinas,2025-06-03,945.2,23.48,30.62,6.66
404,salinas,2025-06-04,318.18,49.36,32.76,20.04
404,salinas,2025-06-05,644.23,46.1,27.35,11.4
404,salinas,2025-06-06,894.07,56.81,26.98,15.59
404,salinas,2025-06-07,883.11,49.16,29.66,21.28
404,salinas,2025-06-08,531.63,30.61,6.43,13.4
404,salinas,2025-06-09,563.53,58.52,9.21,19.95
404,salinas,2025-06-10,835.08,24.38,30.66,14.82
404,salinas,2025-06-11,1176.2,42.26,9.19,16.98
404,salinas,2025-06-12,300.76,44.3,30.62,17.08
404,salinas,2025-06-13,325.15,26.73,26.71,24.23
404,salinas,2025-06-14,582.17,13.64,23.74,12.7
404,salinas,2025-06-15,928.6,57.42,20.68,7.9
404,salinas,2025-06-16,710.41,22.37,8.35,10.12
404,salinas,2025-06-17,519.05,56.98,17.24,14.97
404,salinas,2025-06-18,392.46,11.32,24.59,6.66
404,salinas,2025-06-19,1167.79,57.57,21.29,19.02
404,salinas,2025-06-20,785.93,35.26,17.31,22.34
404,salinas,2025-06-21,517.79,44.02,25.6,23.06
404,salinas,2025-06-22,973.99,37.28,11.4,9.46
404,salinas,2025-06-23,319.88,27.28,32.21,14.5
404,salinas,2025-06-24,792.45,41.34,34.59,23.52
404,salinas,2025-06-25,407.79,41.97,22.54,17.63
404,salinas,2025-06-26,487.22,40.68,27.26,13.79
404,salinas,2025-06-27,1075.13,50.86,21.68,17.68
404,salinas,2025-06-28,979.23,18.98,30.31,5.49
404,salinas,2025-06-29,1192.36,32.9,29.95,15.98
404,salinas,2025-06-30,1149.41,19.02,8.06,23.95
404,salinas,2025-07-01,1076.73,39.79,29.96,7.24
404,salinas,2025-07-02,500.35,47.21,18.28,12.47
404,salinas,2025-07-03,467.4,41.49,9.81,19.08
404,salinas,2025-07-04,540.19,22.02,12.94,23.38
505,tulcan,2025-05-31,1120.88,48.55,12.67,24.84
505,tulcan,2025-06-01,451.75,55.09,21.33,24.43
505,tulcan,2025-06-02,751.38,31.3,6.1,9.18
505,tulcan,2025-06-03,949.93,17.23,13.12,19.58
505,tulcan,2025-06-04,451.34,50.91,20.03,7.5
505,tulcan,2025-06-05,562.59,34.38,16.16,23.67
505,tulcan,2025-06-06,444.62,51.27,7.15,9.3
505,tulcan,2025-06-07,580.7,59.27,22.05,11.63
505,tulcan,2025-06-08,1139.28,27.06,26.73,13.41
505,tulcan,2025-06-09,1012.38,37.53,20.11,22.23
505,tulcan,2025-06-10,706.9,33.2,33.81,14.5
505,tulcan,2025-06-11,357.14,23.25,7.07,11.44
505,tulcan,2025-06-12,812.02,35.89,6.07,24.7
505,tulcan,2025-06-13,760.63,27.89,8.81,10.95
505,tulcan,2025-06-14,536.18,40.92,25.65,9.12
505,tulcan,2025-06-15,428.09,50.44,25.18,17.42
505,tulcan,2025-06-16,317.03,26.24,21.25,17.87
505,tulcan,2025-06-17,431.87,17.77,12.02,24.77
505,tulcan,2025-06-18,545.68,41.86,33.37,20.88
505,tulcan,2025-06-19,400.74,32.65,20.6,17.63
505,tulcan,2025-06-20,714.4,22.94,17.6,23.42
505,tulcan,2025-06-21,555.66,45.45,6.35,19.02
505,tulcan,2025-06-22,322.99,49.28,15.88,19.54
505,tulcan,2025-06-23,1005.25,23.04,5.88,16.81
505,tulcan,2025-06-24,460.91,27.56,10.75,13.97
505,tulcan,2025-06-25,909.86,56.18,28.24,13.7
505,tulcan,2025-06-26,637.27,48.43,19.05,23.13
505,tulcan,2025-06-27,490.98,49.0,30.02,10.19
505,tulcan,2025-06-28,1099.06,16.53,32.04,22.04
505,tulcan,2025-06-29,360.66,26.9,9.77,20.55
505,tulcan,2025-06-30,446.59,46.06,7.65,23.99
505,tulcan,2025-07-01,898.59,27.96,10.9,16.38
505,tulcan,2025-07-02,904.5,52.79,26.37,21.8
505,tulcan,2025-07-03,453.64,30.12,23.91,18.71
505,tulcan,2025-07-04,613.05,31.85,8.06,15.79

